   0.835261851153    0.508799068169    0.208473375371 
  -0.545422340404    0.718640865283    0.431358061631 
   0.069657092940   -0.474002969374    0.877763678006 
   0.662778392239    0.184066385370    0.725840456683 
  -0.470810522034    0.856189440126    0.212784151097 
  -0.582290524672   -0.482762061883    0.654124251564 
   0.966102555215   -0.031603837134   -0.256216803283 
  -0.053352264873    0.946610219748   -0.317934942561 
   0.252585408603    0.320827507154    0.912836415802 
   0.929302399035    0.354590805431    0.103258955306 
  -0.352957638848    0.770412642828    0.530928681605 
   0.108710424184   -0.529839334587    0.841101850669 
   0.800827415477   -0.592029631554   -0.090423260189 
   0.515459065545    0.604485459639    0.607370793530 
  -0.304921961113   -0.533008672019    0.789255568991 
   0.757642510616   -0.422023815431    0.497869184943 
   0.060675191148    0.805059381928    0.590082971072 
  -0.649843325184   -0.416863635712    0.635553586989 
   0.732131649051   -0.486279989920   -0.476985345542 
   0.173787033948    0.810426419796   -0.559470361081 
   0.658620767430    0.326712089614    0.677847988276 
   0.551380978641    0.655679558312    0.515813273583 
  -0.465623508462    0.754900240302   -0.461866187937 
  -0.692223782285    0.014489444548    0.721537449642 
   0.904744852642    0.080773543762    0.418225281691 
   0.213467852613    0.763676659587   -0.609286004684 
  -0.368603075839    0.640526029316    0.673689971909 
   0.944844051277   -0.316643548000    0.083705330037 
   0.252694938731    0.867365232660    0.428745636843 
  -0.208362632702   -0.383945851237    0.899539102325 
