   0.819834498145   -0.546030391694   -0.172401296392 
   0.565166903473    0.820000215342    0.090476616082 
   0.091966118048   -0.171611357976    0.980862770700 
   0.690776641998    0.683032150327    0.237265067991 
  -0.653177142247    0.730201130341   -0.200414395929 
  -0.310140696646   -0.016534535637    0.950546872813 
   0.839332504774   -0.082144445211   -0.537376252314 
   0.055345887658    0.996293418410   -0.065850263114 
   0.540793656721    0.025528700588    0.840767807600 
   0.744209364441   -0.656292994224   -0.124225309861 
   0.640138606547    0.647679046818    0.413200213844 
  -0.190722275276   -0.387028885284    0.902127294604 
   0.980780922309   -0.130536343118   -0.145013949540 
   0.125935373245    0.991211114961   -0.040506880204 
   0.149027058621    0.021465989466    0.988600094626 
   0.771616049510    0.251393021735    0.584303192496 
  -0.064251642529    0.944693280480   -0.321599645909 
  -0.632835206488    0.210609008448    0.745092911649 
   0.977933714187    0.088206898294    0.189381080758 
  -0.172585807942    0.851922677312    0.494410649944 
  -0.117727607437   -0.516185330065    0.848347166832 
   0.701857470442    0.667738801840    0.248034238969 
  -0.559660249211    0.732339871964   -0.387890084154 
  -0.440654622848    0.133428649279    0.887705074287 
   0.995056627756   -0.034927869978   -0.092964248279 
   0.048207532767    0.988303756534    0.144677982449 
   0.086823622038   -0.148444362371    0.985101989611 
   0.850361393600   -0.186743934991   -0.491947357976 
   0.449210850488    0.744514754021    0.493869813665 
   0.274034873837   -0.640955914077    0.716994005645 
   0.927829836831    0.199677903071    0.315056390050 
  -0.302621198325    0.896764310933    0.322853187937 
  -0.218064678961   -0.394895562981    0.892471450595 
   0.591456778465    0.544607885129    0.594626883569 
  -0.475901219331    0.831076004388   -0.287803238985 
  -0.650920047815   -0.112760482375    0.750725092805 
   0.844189038774   -0.471181986296   -0.255602039513 
   0.406823434148    0.873654141853   -0.266876626649 
   0.349055239527    0.121309423432    0.929217124006 
   0.778331594452   -0.170770798564   -0.604183137331 
   0.480740229237    0.781058086206    0.398543721523 
   0.403842495375   -0.600654310173    0.690018578445 
   0.927377352095   -0.223249460498   -0.300218129381 
   0.208745976999    0.974693403193   -0.079986791781 
   0.310477638339    0.011508612434    0.950511014103 
   0.714110426155    0.256995044010   -0.651152706061 
  -0.244837947894    0.963118636412    0.111610355551 
   0.655820614595    0.079724773751    0.750695199081 
   0.849080221209   -0.207458144410   -0.485822906284 
   0.172609959175    0.978134232494   -0.116013900968 
   0.499268044186    0.014647236677    0.866323772335 
   0.795405121875   -0.602792281866    0.063025050716 
   0.545971795553    0.667488758090   -0.506333443774 
   0.263145379126    0.437150114659    0.860031561455 
   0.575826153266    0.610115527221   -0.544227236235 
  -0.506682924962    0.788726377992    0.348113651286 
   0.641635920727    0.075297703180    0.763304396115 
   0.757108634723    0.580795501538   -0.299103829166 
  -0.639785031793    0.751790323450   -0.159644676266 
   0.132142454654    0.312230515741    0.940771213802 
